2 1
4 3
5 3
5 4
6 3
6 4
6 5
7 3
7 4
7 5
7 6
9 8
10 8
11 8
11 10
12 8
12 11
12 10
14 13
15 13
15 14
16 13
16 14
16 15
18 17
19 17
19 18
22 21
23 21
23 22
25 24
26 24
26 25
29 28
30 28
30 29
32 31
33 31
33 32
34 31
35 31
35 34
37 36
38 36
38 37
39 36
39 37
39 38
40 36
40 37
40 38
40 39
41 36
41 37
41 38
41 39
41 40
44 43
46 45
47 45
47 46
49 48
50 48
50 49
51 48
51 49
51 50
52 34
53 52
53 34
54 52
54 53
54 34
54 35
55 52
55 53
55 54
55 34
55 35
55 31
56 52
57 52
57 56
58 52
59 52
59 58
61 60
62 60
62 61
64 63
65 63
65 64
66 63
66 64
66 65
68 67
69 67
69 68
71 70
72 70
72 71
73 70
73 71
73 72
75 74
76 74
76 75
77 74
77 75
77 76
79 78
79 47
80 78
80 79
81 78
81 79
81 80
83 82
84 82
84 83
86 85
87 85
87 86
89 88
91 56
93 92
94 92
94 93
96 95
97 95
97 96
98 95
98 96
98 97
98 70
99 95
99 96
99 97
99 98
100 95
100 97
100 98
101 95
101 100
101 97
101 98
104 103
105 103
105 104
107 106
108 106
108 107
110 109
113 112
115 114
118 117
120 119
122 121
122 79
124 123
125 123
125 124
128 127
129 127
129 128
131 130
132 34
132 31
132 35
133 34
133 35
133 54
133 55
134 34
134 35
134 133
134 54
134 55
135 34
135 35
135 133
135 134
135 54
135 55
137 136
139 138
141 140
142 140
142 141
143 140
143 141
143 142
144 140
144 141
144 142
144 143
145 140
145 141
145 142
145 143
145 144
146 140
146 141
146 142
146 143
146 144
146 145
147 140
147 141
147 142
147 143
147 144
147 145
147 146
148 140
148 141
148 142
148 143
148 144
148 145
148 146
148 147
149 140
149 141
149 142
149 143
149 144
149 145
149 146
149 147
149 148
150 72
151 150
151 72
151 97
151 95
152 150
152 72
152 151
152 128
153 150
155 154
156 154
156 155
157 154
157 155
157 156
158 72
159 72
159 158
162 161
164 163
166 165
168 167
171 170
172 170
172 171
174 173
175 173
175 174
177 176
178 176
178 177
181 180
182 180
182 181
184 183
185 56
185 57
186 185
187 185
187 186
189 188
190 188
190 189
191 34
192 47
193 192
193 47
194 192
194 193
194 47
195 192
195 47
197 196
198 196
198 197
199 196
199 197
199 198
200 196
200 197
200 198
200 199
202 201
202 25
202 26
203 201
203 202
203 25
203 26
204 132
207 206
209 208
210 208
210 209
212 211
213 211
213 212
215 214
216 214
216 215
217 49
217 137
218 217
218 49
219 217
219 218
219 49
220 217
220 219
221 217
221 220
221 219
222 217
222 220
222 221
223 217
223 220
223 221
223 222
224 217
224 137
225 217
225 221
225 220
225 219
226 151
226 97
226 95
226 152
228 227
230 229
231 229
231 230
232 229
232 230
232 231
235 234
236 234
236 235
236 73
239 238
241 240
242 240
244 243
246 245
247 245
248 245
250 249
251 249
251 250
252 218
252 217
252 219
253 218
253 217
253 252
253 219
256 255
257 255
257 256
260 259
262 261
264 263
265 263
265 264
266 263
266 264
266 265
267 263
267 264
267 265
267 266
268 263
268 264
268 265
268 266
268 267
269 263
269 264
269 265
269 266
269 267
269 268
270 263
270 264
270 265
270 266
270 267
270 268
270 269
272 271
275 274
276 274
276 275
278 277
279 277
279 278
281 280
282 280
282 281
282 79
282 151
283 280
283 281
283 282
284 280
284 281
284 282
284 283
285 280
285 281
285 282
285 283
285 284
286 280
286 281
286 282
286 283
286 284
286 285
288 287
289 287
289 288
290 287
290 289
292 291
293 291
293 292
295 294
298 297
299 297
300 297
300 299
301 297
301 299
301 300
302 204
302 151
302 152
302 163
303 302
303 204
304 302
304 204
304 303
305 302
305 303
306 79
307 306
307 79
308 306
308 307
308 79
308 266
308 267
308 269
309 306
309 307
309 308
309 79
310 306
310 79
310 309
311 98
311 70
313 312
315 314
316 314
316 315
317 204
317 302
317 163
318 204
318 317
318 302
320 319
322 321
323 321
323 322
324 321
324 322
324 323
325 321
325 324
326 321
326 324
326 325
328 327
328 31
329 327
329 328
330 327
330 328
330 329
331 152
332 331
332 152
334 333
335 333
335 334
336 333
336 334
336 335
338 337
340 339
341 339
341 340
342 339
342 340
342 341
344 343
344 222
344 220
345 343
345 344
346 253
346 217
347 346
347 253
347 217
348 346
348 347
348 253
348 217
350 349
351 349
351 350
352 349
352 350
352 351
353 349
353 350
353 351
353 352
354 349
354 350
354 351
354 352
354 353
356 355
357 355
357 356
359 358
360 358
360 359
361 358
361 359
362 358
362 361
362 359
363 63
364 363
365 363
366 363
366 365
368 367
369 367
369 368
370 25
370 26
371 79
372 371
372 79
372 310
374 373
375 373
375 374
376 34
377 376
377 34
378 376
378 377
378 34
379 376
379 377
379 378
381 380
382 380
382 381
384 383
385 383
385 384
387 386
388 386
388 387
389 386
389 387
389 388
390 386
390 387
390 388
390 389
391 386
391 387
391 388
391 389
391 390
392 386
392 387
392 388
392 389
392 390
392 391
393 386
393 387
393 388
393 389
393 390
393 391
393 392
395 394
396 394
396 395
397 394
397 395
397 396
399 398
400 398
400 399
401 398
401 399
401 400
402 278
402 279
403 402
403 278
403 279
403 328
403 329
403 31
404 402
404 403
404 278
404 279
405 402
405 403
405 278
405 404
405 279
406 402
406 403
406 278
406 404
406 279
406 405
407 167
410 409
411 409
411 410
412 409
412 410
412 411
413 409
413 410
413 411
413 412
414 409
414 411
414 413
416 415
416 248
417 403
417 328
417 329
418 403
418 328
420 419
422 320
424 423
425 423
425 424
427 426
428 426
428 427
429 47
430 429
432 431
433 431
435 434
436 246
436 245
438 437
439 437
439 438
440 119
441 440
442 440
442 119
444 443
444 73
446 445
448 447
449 447
449 448
450 447
450 448
450 449
451 283
454 453
455 453
455 454
456 453
456 454
456 455
457 453
457 454
457 455
457 456
458 453
458 454
458 455
458 456
458 457
459 453
459 454
459 455
459 456
459 457
459 458
460 453
460 454
460 455
460 456
460 457
460 458
460 459
462 461
463 461
463 462
464 461
464 462
464 463
464 302
465 34
466 465
467 465
467 466
469 468
470 468
470 469
471 468
471 469
471 470
472 468
472 469
472 470
472 471
474 473
474 223
474 220
475 473
475 474
477 476
478 476
479 476
479 478
481 480
482 480
482 481
483 480
483 481
483 482
485 484
486 34
488 487
489 34
489 55
490 489
490 34
490 55
491 310
491 79
492 491
492 310
493 491
494 491
494 310
496 495
497 495
497 496
499 498
500 304
501 151
502 501
503 501
503 502
504 501
504 503
507 506
508 191
508 34
509 508
509 191
509 34
510 508
510 509
510 191
510 34
513 512
514 246
514 245
516 515
517 515
517 516
517 347
517 217
517 152
517 151
517 226
518 515
518 516
518 517
518 152
518 151
518 226
518 128
518 153
520 519
522 521
523 77
524 523
525 523
525 524
526 523
526 524
526 525
527 523
527 524
527 525
527 526
528 523
530 529
532 531
533 531
533 532
534 531
534 532
534 533
536 535
539 538
540 538
540 539
541 538
542 538
542 541
543 538
543 541
543 542
546 545
548 547
548 56
548 57
548 330
549 122
550 549
550 122
551 549
551 550
551 122
554 553
555 553
555 554
558 557
559 557
559 558
561 560
562 34
562 54
562 35
562 134
562 55
562 133
562 135
563 562
563 34
563 54
563 35
563 134
563 55
563 133
563 135
564 83
565 564
566 564
566 565
567 564
567 565
567 566
568 190
570 569
572 571
574 573
575 282
575 284
576 575
576 282
577 575
577 282
579 578
582 581
583 581
583 582
585 584
586 137
587 586
587 137
588 586
588 587
588 137
591 590
591 308
592 590
592 591
593 590
593 591
593 592
595 594
596 278
596 404
596 279
597 328
597 417
597 47
599 598
601 600
604 603
607 276
608 276
608 607
609 276
609 607
609 608
610 46
611 610
611 46
612 610
612 46
613 610
613 46
613 612
616 615
618 617
620 619
621 619
621 620
623 622
625 624
627 626
628 626
628 627
629 626
629 627
629 628
631 630
632 630
632 631
632 338
634 633
637 636
638 636
638 637
639 163
639 317
639 302
639 464
640 639
640 163
640 317
640 302
641 639
642 79
644 643
647 79
649 648
651 190
651 568
652 651
652 190
652 568
653 35
654 653
655 653
655 654
655 35
655 56
655 57
656 653
656 654
656 655
656 35
657 653
657 655
657 656
658 653
658 35
658 655
658 656
660 659
661 659
661 660
662 659
662 660
662 661
664 663
665 663
665 664
666 663
666 664
666 665
667 663
667 664
667 665
667 666
669 668
671 670
672 670
674 673
675 516
675 517
676 444
677 676
677 444
678 664
678 663
680 679
681 679
681 680
683 682
684 682
684 683
685 682
685 683
685 684
686 58
687 351
690 538
690 540
691 690
691 538
691 540
693 343
695 694
696 694
696 695
697 694
697 695
697 696
698 694
698 695
698 696
698 697
698 220
698 344
699 694
699 695
699 696
699 697
699 698
700 446
701 97
702 701
702 97
703 701
703 97
703 702
706 705
707 705
707 706
708 705
708 706
708 707
709 98
709 95
709 97
709 100
710 98
710 70
710 72
710 73
711 98
711 710
711 70
712 88
712 89
713 643
714 713
714 643
716 696
717 696
717 716
718 696
718 716
718 717
719 696
719 716
719 717
719 718
721 720
722 671
725 724
726 724
726 725
727 724
727 725
727 726
730 137
730 588
732 731
734 733
735 733
735 734
737 72
738 737
738 72
739 444
739 73
740 444
743 294
743 295
743 524
744 743
744 294
744 295
745 743
745 294
745 744
745 295
746 743
747 743
747 295
747 524
749 748
752 751
753 720
754 753
754 720
756 755
757 35
757 79
758 757
758 70
758 73
759 757
759 758
759 70
759 73
760 757
760 79
760 372
761 757
761 35
762 757
762 35
763 757
763 762
763 35
764 757
764 762
764 763
764 35
765 757
765 762
765 122
766 757
766 765
766 762
766 122
768 767
769 767
769 768
770 767
770 768
770 769
771 128
771 127
772 771
772 128
772 127
773 771
773 772
773 128
773 127
774 771
774 772
774 128
774 773
774 127
775 762
775 658
775 655
776 775
776 762
776 765
776 757
776 766
777 775
777 762
777 776
779 778
781 497
782 781
782 497
784 632
785 632
785 784
787 786
788 786
788 787
789 347
789 217
789 517
790 598
791 790
791 598
793 663
794 793
794 663
795 793
795 663
795 794
796 65
797 796
797 65
798 796
798 797
798 65
799 796
799 797
799 798
799 65
801 800
802 800
802 801
803 800
803 801
803 802
804 800
804 801
804 802
804 803
805 800
805 801
805 802
805 803
805 804
806 63
806 363
807 806
807 63
807 363
808 806
808 807
808 63
808 363
809 806
809 807
809 808
809 63
811 810
814 813
816 815
817 815
817 816
819 818
821 820
823 822
824 822
824 823
825 822
825 823
825 824
827 826
828 826
828 827
829 826
829 827
829 828
830 826
830 827
830 828
830 829
831 826
831 827
831 828
831 829
831 830
832 826
832 827
832 828
832 829
832 830
832 831
833 826
833 827
833 828
833 829
833 830
833 831
833 832
834 826
834 827
834 828
834 829
834 830
834 831
834 832
834 833
835 826
835 827
835 828
835 829
835 830
835 831
835 832
835 833
835 834
837 836
838 836
838 837
840 35
840 34
840 55
841 35
841 31
841 55
841 34
843 842
844 842
844 843
846 845
847 845
847 846
848 845
848 846
848 847
850 849
852 851
853 851
853 852
854 647
854 79
857 856
858 856
858 857
860 107
861 295
862 861
863 861
863 862
864 655
865 864
865 655
866 655
866 35
867 372
868 867
868 372
872 871
873 871
873 872
874 871
874 872
874 873
875 871
875 872
875 873
875 874
879 878
880 878
880 879
881 878
881 879
881 880
882 878
882 879
882 880
882 881
885 884
886 884
886 885
888 887
890 889
891 889
891 890
893 762
893 765
893 757
893 766
893 776
894 653
894 655
894 656
894 56
894 57
895 403
895 31
895 328
897 896
898 896
898 897
899 896
899 897
899 898
900 896
900 897
900 898
900 899
902 901
903 901
903 902
905 904
906 904
906 905
908 907
909 308
909 266
909 267
909 269
911 910
912 910
912 911
914 913
915 913
915 914
916 913
916 914
916 915
917 913
917 914
917 915
917 916
918 913
918 914
918 915
918 916
918 917
919 172
922 921
923 416
925 924
926 924
926 925
927 178
928 244
931 930
932 743
932 294
932 744
932 295
933 932
933 743
933 294
933 744
933 295
934 932
935 56
935 57
936 118
937 936
937 118
938 936
938 937
938 118
939 936
939 937
939 938
939 118
941 479
943 942
944 942
944 943
945 264
945 266
945 267
945 269
946 264
946 266
946 267
946 945
946 269
947 2
949 948
951 950
953 952
954 952
954 953
955 952
955 954
955 953
956 195
957 956
957 195
959 958
960 958
960 959
962 961
963 961
963 962
964 518
964 152
965 964
965 518
965 152
967 966
968 966
968 967
969 966
969 967
969 968
970 966
970 967
970 968
970 969
971 966
971 967
971 968
971 969
971 970
974 973
974 301
976 975
977 975
977 976
977 89
978 759
978 758
978 70
978 73
980 979
982 981
983 981
983 982
985 984
985 474
985 473
986 984
986 985
986 474
987 984
987 985
989 988
990 974
992 89
994 993
996 995
997 995
997 996
998 995
998 996
998 997
999 995
999 996
999 997
999 998
1001 1000
1001 914
1001 917
1001 256
1001 255
1003 974
1004 1003
1004 974
1005 1003
1005 1004
1005 974
1006 79
1008 1007
1009 52
1009 34
1011 1010
1013 1012
1015 1014
1017 63
1017 807
1019 1018
1022 128
1022 129
1023 128
1023 129
1023 1022
1024 128
1024 129
1024 1022
1024 1023
1025 54
1026 1025
1026 54
1027 304
1028 1027
1029 747
1029 295
1030 1029
1030 747
1030 295
1031 551
1031 122
1033 1032
1035 1034
1037 1036
1038 1036
1039 1036
1039 1038
1040 309
1041 1040
1041 309
1042 225
1042 219
1042 217
1044 1043
1045 1043
1045 1044
1046 1011
1047 483
1048 13
1049 1048
1049 13
1050 1048
1050 1049
1050 13
1051 1048
1051 1049
1051 1050
1051 13
1054 1053
1056 1055
1057 1055
1058 1055
1058 1057
1059 1055
1059 1057
1059 1058
1062 1061
1063 1061
1063 1062
1064 1061
1064 1062
1064 1063
1065 1061
1065 1062
1065 1063
1065 1064
1066 1061
1066 1062
1066 1063
1066 1064
1066 1065
1067 1061
1067 1062
1067 1063
1067 1064
1067 1065
1067 1066
1068 1061
1068 1062
1068 1063
1068 1064
1068 1065
1068 1066
1068 1067
1069 1061
1069 1062
1069 1063
1069 1064
1069 1065
1069 1066
1069 1067
1069 1068
1070 1061
1070 1062
1070 1063
1070 1064
1070 1065
1070 1066
1070 1067
1070 1068
1070 1069
1071 807
1071 806
1071 808
1071 63
1072 807
1072 806
1072 808
1072 1071
1072 63
1072 363
1072 1017
1073 807
1073 806
1073 808
1073 1071
1073 1072
1073 63
1074 807
1074 806
1074 808
1074 1071
1074 1072
1074 1073
1074 63
1075 228
1080 1079
1082 282
1083 70
1084 1083
1084 70
1085 1
1085 2
1087 517
1088 517
1088 1087
1089 517
1089 1088
1089 152
1090 517
1090 1088
1092 474
1092 473
1092 985
1093 474
1093 985
1093 986
1095 1094
1096 1094
1096 1095
1097 1094
1097 1095
1097 1096
1099 1098
1100 1098
1100 1099
1103 1102
1104 1102
1104 1103
1107 1106
1108 1106
1108 1107
1109 1106
1109 1107
1109 1108
1110 1106
1110 1107
1110 1108
1110 1109
1111 1106
1111 1107
1111 1108
1111 1109
1111 1110
1112 1106
1112 1107
1112 1108
1112 1109
1112 1110
1112 1111
1113 1106
1113 1107
1113 1108
1113 1109
1113 1110
1113 1111
1113 1112
1114 1106
1114 1107
1114 1108
1114 1109
1114 1110
1114 1111
1114 1112
1114 1113
1116 1115
1118 1117
1119 1117
1119 1118
1120 1117
1120 1118
1120 1119
1121 1117
1121 1118
1121 1119
1121 1120
1122 79
1123 79
1123 1122
1124 79
1124 757
1125 248
1125 416
1126 1125
1126 248
1126 416
1129 1128
1130 977
1131 658
1131 775
1131 655
1131 35
1133 1132
1135 1134
1136 957
1136 195
1137 1136
1137 957
1137 195
1138 1136
1138 1137
1138 957
1138 195
1139 1136
1139 195
1139 957
1141 1140
1143 1142
1146 222
1146 344
1146 220
1146 698
1148 1147
1149 1147
1149 1148
1150 1147
1150 1148
1150 1149
1151 1147
1151 1148
1151 1149
1151 1150
1154 1153
1155 1153
1155 1154
1156 1153
1156 1154
1156 1155
1157 1153
1157 1154
1157 1155
1157 1156
1158 1153
1158 1154
1158 1155
1158 1156
1158 1157
1159 1153
1159 1154
1159 1155
1159 1156
1159 1157
1159 1158
1160 1153
1160 1154
1160 1155
1160 1156
1160 1157
1160 1158
1160 1159
1161 1153
1161 1154
1161 1155
1161 1156
1161 1157
1161 1158
1161 1159
1161 1160
1163 115
1163 187
1164 115
1164 1163
1166 1165
1167 260
1167 259
1168 260
1168 259
1168 1167
1170 1169
1171 821
1173 79
1176 932
1177 1176
1177 932
1178 151
1178 97
1179 151
1179 282
1181 590
1181 591
1181 592
1182 1181
1182 590
1182 591
1182 592
1183 303
1186 1185
1187 1185
1187 1186
1190 328
1190 329
1191 55
1191 35
1191 841
1191 34
1192 1191
1192 55
1192 35
1192 841
1192 34
1195 1194
1196 79
1197 1196
1197 79
1198 1196
1198 1197
1198 79
1200 1199
1201 1199
1201 1200
1202 914
1202 917
1202 1001
1202 915
1202 916
1203 914
1203 917
1203 1202
1203 1001
1204 914
1204 917
1204 1202
1204 1203
1204 1001
1205 914
1205 917
1205 1202
1205 1203
1205 1204
1205 1001
1206 914
1206 917
1206 1202
1206 1203
1206 1204
1206 1205
1206 1001
1207 914
1207 917
1207 1202
1207 915
1207 916
1208 914
1208 1207
1208 917
1208 1202
1208 915
1208 916
1209 914
1209 1207
1209 917
1209 1202
1209 915
1209 1208
1209 916
1211 1210
1212 1210
1212 1211
1213 1210
1213 1211
1213 1212
1215 331
1216 1215
1216 331
1217 1215
1217 331
1217 1216
1218 1215
1218 331
1218 1216
1218 1217
1220 1219
1222 501
1222 151
1224 1223
1225 1223
1225 1224
1227 1226
1228 1226
1229 133
1229 55
1229 34
1230 133
1230 1229
1230 55
1230 34
1231 245
1233 1232
1234 416
1235 1234
1235 416
1236 482
1237 1236
1237 482
1239 1238
1240 548
1242 1241
1244 1243
1245 483
1246 1245
1246 483
1247 1245
1247 1246
1247 483
1248 1245
1248 1246
1248 1247
1248 483
1250 1249
1251 482
1252 1251
1252 482
1254 1253
1255 1253
1255 1254
1256 765
1256 766
1256 122
1257 1202
1257 917
1258 1202
1258 1257
1258 917
1260 1259
1262 1261
1263 1261
1263 1262
1264 376
1264 377
1264 378
1266 1265
1267 1265
1267 1266
1268 1265
1268 1266
1268 1267
1269 873
1271 321
1271 322
1272 948
1273 1272
1273 948
1274 844
1275 1274
1275 844
1276 1274
1276 1275
1276 844
1277 1274
1277 1275
1277 844
1277 1276
1279 745
1279 295
1279 744
1279 743
1279 294
1280 745
1281 745
1281 1280
1282 745
1282 1280
1282 1281
1283 1146
1283 220
1284 1283
1284 1146
1284 220
1288 1287
1289 1287
1289 1288
1290 1287
1290 1288
1290 1289
1291 1287
1291 1288
1291 1289
1291 1290
1294 1293
1295 1293
1295 1294
1296 376
1296 377
1296 34
1296 378
1300 1299
1304 1019
1305 1019
1305 1304
1306 1019
1307 1019
1307 1018
1308 1019
1308 1307
1308 1018
1309 1019
1309 1307
1309 1308
1309 1018
1310 1019
1310 1307
1310 1308
1310 1309
1310 1018
1312 1311
1314 1313
1315 1313
1315 1314
1316 1313
1316 1314
1316 1315
1316 54
1317 1313
1317 1314
1317 1315
1317 1316
1319 901
1322 1321
1323 525
1325 1324
1326 1324
1326 1325
1328 1327
1330 1329
1333 1332
1334 1332
1334 1333
1337 1336
1338 1336
1338 1337
1339 1336
1339 1337
1339 1338
1340 883
1342 518
1343 282
1343 151
1343 1179
1344 282
1345 282
1345 1344
1346 1226
1347 722
1348 378
1349 1348
1349 378
1350 363
1351 1350
1351 363
1352 1350
1352 1351
1352 363
1353 1350
1353 1351
1353 1352
1353 363
1356 1355
1357 524
1357 747
1357 743
1357 932
1358 1357
1358 1108
1359 1357
1359 1358
1359 1108
1360 1357
1362 47
1362 429
1363 47
1363 1362
1363 429
1364 47
1365 1287
1366 1365
1366 1287
1367 1365
1367 1366
1367 1287
1368 1365
1368 1366
1368 1367
1368 1287
1369 933
1369 294
1369 295
1369 932
1370 933
1370 1369
1370 294
1370 295
1370 932
1372 1371
1374 1373
1376 1375
1377 1375
1377 1376
1378 1295
1379 1378
1379 1295
1382 523
1382 77
1385 195
1386 1385
1386 195
1388 1387
1390 330
1390 548
1392 1391
1393 1391
1393 1392
1395 1146
1395 220
1395 344
1395 698
1396 1395
1396 1146
1396 220
1396 344
1396 698
1397 1395
1397 1146
1397 1396
1397 220
1397 344
1397 698
1398 1395
1398 1146
1398 1396
1398 220
1398 344
1398 1397
1398 698
1399 315
1401 1400
1402 1400
1402 1401
1403 1400
1403 1401
1403 1402
1404 1400
1404 1401
1404 1402
1404 1403
1405 328
1405 417
1406 1405
1406 328
1406 417
1407 1405
1407 1406
1407 328
1407 417
1408 1405
1408 1406
1408 328
1408 1407
1408 417
1409 1405
1409 1406
1409 328
1409 1407
1409 417
1409 1408
1410 497
1411 1410
1411 497
1412 1358
1412 1108
1412 1359
1413 1061
1414 187
1414 1163
1415 187
1415 1414
1415 1163
1416 187
1416 1414
1416 1163
1416 1415
1417 304
1417 1027
1418 1417
1418 304
1418 1027
1419 931
1420 1337
1422 1421
1423 1421
1423 1422
1424 1421
1424 1422
1424 1423
1425 10
1426 1425
1426 10
1428 1427
1429 1427
1429 1428
1430 646
1431 1430
1431 646
1432 1430
1432 646
1432 1431
1433 1430
1433 646
1433 1431
1433 1432
1434 1430
1434 646
1434 1431
1434 1432
1434 1433
1435 1430
1435 646
1435 1431
1435 1432
1435 1433
1435 1434
1436 1430
1436 646
1436 1431
1436 1432
1436 1433
1436 1434
1436 1435
1437 1430
1437 646
1437 1431
1437 1432
1437 1433
1437 1434
1437 1435
1437 1436
1438 1430
1438 646
1438 1431
1438 1432
1438 1433
1438 1434
1438 1435
1438 1436
1438 1437
1439 1430
1439 646
1439 1431
1439 1432
1439 1433
1439 1434
1439 1435
1439 1436
1439 1437
1439 1438
1440 1430
1440 646
1440 1431
1440 1432
1440 1433
1440 1434
1440 1435
1440 1436
1440 1437
1440 1438
1440 1439
1441 1430
1441 646
1441 1431
1441 1432
1441 1433
1441 1434
1441 1435
1441 1436
1441 1437
1441 1438
1441 1439
1441 1440
1442 1430
1442 646
1442 1431
1442 1432
1442 1433
1442 1434
1442 1435
1442 1436
1442 1437
1442 1438
1442 1439
1442 1440
1442 1441
1443 1430
1443 646
1443 1431
1443 1432
1443 1433
1443 1434
1443 1435
1443 1436
1443 1437
1443 1438
1443 1439
1443 1440
1443 1441
1443 1442
1444 1430
1444 646
1444 1431
1444 1432
1444 1433
1444 1434
1444 1435
1444 1436
1444 1437
1444 1438
1444 1439
1444 1440
1444 1441
1444 1442
1444 1443
1445 1430
1445 646
1445 1431
1445 1432
1445 1433
1445 1434
1445 1435
1445 1436
1445 1437
1445 1438
1445 1439
1445 1440
1445 1441
1445 1442
1445 1443
1445 1444
1446 1430
1446 646
1446 1431
1446 1432
1446 1433
1446 1434
1446 1435
1446 1436
1446 1437
1446 1438
1446 1439
1446 1440
1446 1441
1446 1442
1446 1443
1446 1444
1446 1445
1447 1430
1447 646
1447 1431
1447 1432
1447 1433
1447 1434
1447 1435
1447 1436
1447 1437
1447 1438
1447 1439
1447 1440
1447 1441
1447 1442
1447 1443
1447 1444
1447 1445
1447 1446
1448 1430
1448 646
1448 1431
1448 1432
1448 1433
1448 1434
1448 1435
1448 1436
1448 1437
1448 1438
1448 1439
1448 1440
1448 1441
1448 1442
1448 1443
1448 1444
1448 1445
1448 1446
1448 1447
1449 1430
1449 1431
1449 1432
1451 1450
1452 284
1452 282
1453 217
1454 1361
1455 722
1456 483
1458 1457
1459 1457
1459 1458
1460 1457
1460 1458
1460 1459
1461 518
1461 128
1461 152
1462 56
1462 57
1465 861
1465 295
1466 1465
1466 861
1466 295
1467 1465
1467 1466
1467 861
1467 295
1468 1465
1468 1466
1468 861
1468 1467
1468 295
1469 54
1469 1316
1470 54
1470 1469
1470 1316
1471 54
1471 1469
1471 1316
1471 1470
1473 1472
1474 1472
1474 1473
1476 1475
1477 1475
1477 1476
1478 208
1479 1478
1479 208
1481 1480
1482 97
1483 1482
1483 97
1485 1484
1486 1484
1486 1485
1488 1487
1489 1143
1490 1489
1490 1143
1493 1492
1494 1492
1495 1494
1497 1496
1498 301
1499 83
1501 240
1502 1501
1502 240
1503 1501
1503 1502
1503 240
1504 1501
1504 1502
1504 240
1504 1503
1505 1001
1506 1505
1507 1505
1507 1506
1508 1505
1508 1506
1508 1507
1509 1505
1509 1506
1509 1507
1509 1508
1510 1505
1510 1506
1510 1507
1510 1508
1510 1509
1513 1512
1514 1512
1514 1513
1515 1001
1515 1505
1516 1121
1517 1121
1517 1516
1518 1121
1518 1516
1518 1517
1519 244
1519 928
1520 1519
1520 244
1520 928
1521 1519
1521 1520
1521 244
1521 928
1524 1523
1527 1526
1530 55
1530 34
1532 1531
1533 10
1534 533
1534 532
1534 531
1535 533
1535 1534
1535 532
1535 531
1536 533
1536 1534
1536 1535
1536 532
1536 531
1537 844
1539 1538
1540 1538
1540 1539
1541 1494
1541 1492
1542 1541
1542 1494
1542 1492
1543 1541
1543 1542
1543 1494
1543 1492
1545 1544
1547 1546
1548 1546
1548 1547
1549 1546
1549 1547
1549 1548
1550 309
1551 35
1551 34
1551 55
1552 1551
1552 35
1552 34
1554 295
1555 295
1555 1554
1556 295
1556 1554
1556 1555
1557 677
1558 1557
1558 677
1559 1557
1559 677
1559 1558
1561 1146
1561 220
1562 1561
1562 1146
1562 220
1563 64
1563 63
1564 1563
1564 64
1564 63
1565 1563
1565 1564
1565 64
1565 63
1566 1563
1566 1564
1566 1565
1566 64
1566 63
1567 1563
1567 1564
1567 1565
1567 1566
1567 64
1567 63
1568 1563
1568 1564
1568 1565
1568 1566
1568 1567
1568 64
1568 63
1570 1569
1571 338
1571 632
1572 338
1572 632
1572 1571
1573 338
1573 632
1573 1571
1573 1572
1574 338
1574 632
1574 1571
1574 1572
1574 1573
1575 632
1575 784
1577 1576
1578 1576
1578 1577
1579 1576
1579 1577
1579 1578
1580 632
1580 631
1582 1581
1585 1584
1587 1586
1588 1586
1589 523
1589 77